def, all_cycle, 5
def, egg_cycle_1, 21
def, egg_cycle_2, 21
def, egg_cycle_3, 21
def, egg_cycle_4, 21
def, egg_cycle_5, 21
def, egg_cycle_6, 21
x, 0.1, 0.4, 1
a, 0.1, 1.7, 1
r, 0.1, 1.9, 1
y, 0.05, 0.08, 2

loop, all_cycle

a, 0.05, 0.08, 1
down, 0.05, 0.08, 4
a, 0.05, 0.08, 1
left, 0.05, 0.08, 1
down, 0.05, 0.08, 1
a, 0.05, 0.08, 1
b, 0.1, 2.1, 1
b, 0.1, 1.3, 1
b, 0.1, 1, 1
l3, 2.5, 0.15, 1
loop, egg_cycle_1
l4, 1.65, 0.1, 1
l6, 1.25, 0.1, 1
l3, 0.8, 0.1, 1
loop_end
loop, 5
b, 0.05, 0.1, 3
b, 0.05, 15, 1
b, 0.05, 3, 1
l3, 0.25, 0.1, 1
l1, 0.25, 0.1, 1
loop_end

x, 0.1, 0.4, 1
a, 0.1, 1.7, 1
r, 0.1, 1.9, 1
y, 0.05, 0.08, 2
left, 0.05, 0.08, 1
down, 0.05, 0.08, 1
a, 0.05, 0.08, 1
down, 0.05, 0.08, 4
a, 0.05, 0.08, 1
right, 0.05, 0.08, 1
up, 0.05, 0.08, 1
a, 0.05, 0.08, 1
right, 0.05, 0.08, 1
a, 0.05, 0.08, 1
down, 0.05, 0.08, 4
a, 0.05, 0.08, 1
left, 0.05, 0.08, 2
down, 0.05, 0.08, 1
a, 0.05, 0.08, 1
b, 0.1, 2.1, 1
b, 0.1, 1.3, 1
b, 0.1, 1, 1
l3, 2.5, 0.15, 1
loop, egg_cycle_2
l4, 1.65, 0.1, 1
l6, 1.25, 0.1, 1
l3, 0.8, 0.1, 1
loop_end
loop, 5
b, 0.05, 0.1, 3
b, 0.05, 15, 1
b, 0.05, 3, 1
l3, 0.25, 0.1, 1
l1, 0.25, 0.1, 1
loop_end

x, 0.1, 0.4, 1
a, 0.1, 1.7, 1
r, 0.1, 1.9, 1
y, 0.05, 0.08, 2
left, 0.05, 0.08, 1
down, 0.05, 0.08, 1
a, 0.05, 0.08, 1
down, 0.05, 0.08, 4
a, 0.05, 0.08, 1
right, 0.05, 0.08, 2
up, 0.05, 0.08, 1
a, 0.05, 0.08, 1
right, 0.05, 0.08, 1
a, 0.05, 0.08, 1
down, 0.05, 0.08, 4
a, 0.05, 0.08, 1
left, 0.05, 0.08, 3
down, 0.05, 0.08, 1
a, 0.05, 0.08, 1
b, 0.1, 2.1, 1
b, 0.1, 1.3, 1
b, 0.1, 1, 1
l3, 2.5, 0.15, 1
loop, egg_cycle_3
l4, 1.65, 0.1, 1
l6, 1.25, 0.1, 1
l3, 0.8, 0.1, 1
loop_end
loop, 5
b, 0.05, 0.1, 3
b, 0.05, 15, 1
b, 0.05, 3, 1
l3, 0.25, 0.1, 1
l1, 0.25, 0.1, 1
loop_end

x, 0.1, 0.4, 1
a, 0.1, 1.7, 1
r, 0.1, 1.9, 1
y, 0.05, 0.08, 2
left, 0.05, 0.08, 1
down, 0.05, 0.08, 1
a, 0.05, 0.08, 1
down, 0.05, 0.08, 4
a, 0.05, 0.08, 1
right, 0.05, 0.08, 3
up, 0.05, 0.08, 1
a, 0.05, 0.08, 1
right, 0.05, 0.08, 1
a, 0.05, 0.08, 1
down, 0.05, 0.08, 4
a, 0.05, 0.08, 1
left, 0.05, 0.08, 4
down, 0.05, 0.08, 1
a, 0.05, 0.08, 1
b, 0.1, 2.1, 1
b, 0.1, 1.3, 1
b, 0.1, 1, 1
l3, 2.5, 0.15, 1
loop, egg_cycle_4
l4, 1.65, 0.1, 1
l6, 1.25, 0.1, 1
l3, 0.8, 0.1, 1
loop_end
loop, 5
b, 0.05, 0.1, 3
b, 0.05, 15, 1
b, 0.05, 3, 1
l3, 0.25, 0.1, 1
l1, 0.25, 0.1, 1
loop_end

x, 0.1, 0.4, 1
a, 0.1, 1.7, 1
r, 0.1, 1.9, 1
y, 0.05, 0.08, 2
left, 0.05, 0.08, 1
down, 0.05, 0.08, 1
a, 0.05, 0.08, 1
down, 0.05, 0.08, 4
a, 0.05, 0.08, 1
right, 0.05, 0.08, 4
up, 0.05, 0.08, 1
a, 0.05, 0.08, 1
right, 0.05, 0.08, 1
a, 0.05, 0.08, 1
down, 0.05, 0.08, 4
a, 0.05, 0.08, 1
left, 0.05, 0.08, 5
down, 0.05, 0.08, 1
a, 0.05, 0.08, 1
b, 0.1, 2.1, 1
b, 0.1, 1.3, 1
b, 0.1, 1, 1
l3, 2.5, 0.15, 1
loop, egg_cycle_5
l4, 1.65, 0.1, 1
l6, 1.25, 0.1, 1
l3, 0.8, 0.1, 1
loop_end
loop, 5
b, 0.05, 0.1, 3
b, 0.05, 15, 1
b, 0.05, 3, 1
l3, 0.25, 0.1, 1
l1, 0.25, 0.1, 1
loop_end

x, 0.1, 0.4, 1
a, 0.1, 1.7, 1
r, 0.1, 1.9, 1
y, 0.05, 0.08, 2
left, 0.05, 0.08, 1
down, 0.05, 0.08, 1
a, 0.05, 0.08, 1
down, 0.05, 0.08, 4
a, 0.05, 0.08, 1
right, 0.05, 0.08, 5
up, 0.05, 0.08, 1
a, 0.05, 0.08, 1
right, 0.05, 0.08, 1
a, 0.05, 0.08, 1
down, 0.05, 0.08, 4
a, 0.05, 0.08, 1
left, 0.05, 0.08, 6
down, 0.05, 0.08, 1
a, 0.05, 0.08, 1
b, 0.1, 2.1, 1
b, 0.1, 1.3, 1
b, 0.1, 1, 1
l3, 2.5, 0.15, 1
loop, egg_cycle_6
l4, 1.65, 0.1, 1
l6, 1.25, 0.1, 1
l3, 0.8, 0.1, 1
loop_end
loop, 5
b, 0.05, 0.1, 3
b, 0.05, 15, 1
b, 0.05, 3, 1
l3, 0.25, 0.1, 1
l1, 0.25, 0.1, 1
loop_end

x, 0.1, 0.4, 1
a, 0.1, 1.7, 1
r, 0.1, 1.9, 1
y, 0.05, 0.08, 2
left, 0.05, 0.08, 1
down, 0.05, 0.08, 1
a, 0.05, 0.08, 1
down, 0.05, 0.08, 4
a, 0.05, 0.08, 1
right, 0.05, 0.08, 6
up, 0.05, 0.08, 1
a, 0.05, 0.08, 1
left, 0.05, 0.08, 5
r, 0.05, 1.0, 1
loop_end
end
end
end